Webots Project File version R2023a
perspectives: 000000ff00000000fd00000003000000000000000000000000fc0100000001fb0000001a0044006f00630075006d0065006e0074006100740069006f006e0000000000ffffffff000000000000000000000001000002fa00000448fc0200000001fb0000001400540065007800740045006400690074006f00720000000013000004480000003f00ffffff0000000300000a000000013efc0100000001fb0000001a0043006f006e0073006f006c00650041006c006c0041006c006c010000000000000a000000006900ffffff00000a00000003e200000001000000020000000100000008fc00000000
simulationViewPerspectives: 000000ff000000010000000200000118000005570100000002010000000100
sceneTreePerspectives: 000000ff00000001000000030000001c000000c0000000fa0100000002010000000200
maximizedDockId: -1
centralWidgetVisible: 1
orthographicViewHeight: 1
textFiles: -1
consoles: Console:All:All
renderingDevicePerspectives: NAO:CameraBottom;1;0.580315;0;0.672973
renderingDevicePerspectives: NAO:CameraTop;1;1;0;0
